0 39.6744
1 39.6292
2 39.6451
3 39.6804
4 39.6217
5 39.6481
6 39.6597
7 39.6302
8 39.6535
9 39.6584
10 39.6197
11 39.6261
12 39.7743
13 39.6507
14 39.635
15 39.6976
16 39.7365
17 39.679
18 39.6234
19 39.6386
20 39.6292
21 39.6335
22 39.6241
23 39.6484
24 39.6312
25 39.662
26 39.6222
27 39.8757
28 39.6323
29 39.6095
30 39.6442
31 39.6255
32 39.6392
33 39.6403
34 39.6412
35 39.6366
36 39.6567
37 39.6636
38 39.6471
39 39.6358
40 39.6325
41 39.5001
42 39.366
43 39.6249
44 39.513
45 39.4609
46 39.4739
47 38.3062
48 37.7421
49 38.295
50 38.5629
51 38.2526
52 39.3516
53 40.3495
54 39.4717
55 42.0855
56 38.932
57 42.4194
58 40.6032
59 40.2887
60 40.6121
61 40.0785
62 41.3588
63 39.0737
64 39.5611
65 41.5525
66 38.7056
67 38.8446
68 38.7058
69 41.514
70 38.8444
71 39.4419
72 39.4438
73 39.222
74 41.4235
75 40.1828
76 39.1858
77 38.9298
78 38.8769
79 39.416
80 39.2425
81 38.3309
82 38.5444
83 38.4732
84 38.4611
85 38.9941
86 39.1868
87 38.0474
88 37.9914
89 38.3315
90 39.0041
91 38.6994
92 38.8138
93 39.0419
94 38.5278
95 38.6384
96 38.2573
97 39.045
98 39.6839
99 39.5681
100 38.3622
101 38.6264
102 38.2112
103 38.4367
104 38.7266
105 38.5757
106 38.5508
107 37.7666
108 38.6659
109 37.3786
110 38.2719
111 38.6079
112 39.0645
113 38.3819
114 37.5769
115 38.7236
116 38.2916
117 38.6734
118 38.2576
119 38.4686
120 38.5914
121 39.015
122 38.3533
123 38.6218
124 39.422
125 38.0605
126 38.3681
127 39.2897
128 38.7605
129 38.729
130 38.5479
131 38.6002
132 38.1606
133 38.9295
134 39.1544
135 38.0549
136 38.7145
137 40.8982
138 38.7763
139 38.7654
140 38.7749
141 38.3953
142 38.8227
143 39.0813
144 38.9963
145 39.7352
146 38.419
147 38.2751
148 39.0622
149 38.964
150 38.6045
151 40.9403
152 38.634
153 38.3369
154 38.6037
155 38.7954
156 38.2603
157 39.0663
158 38.1919
159 38.8273
160 37.9014
161 38.0923
162 38.1301
163 37.9998
164 38.9116
165 38.3903
166 38.3763
167 38.5476
168 38.3368
169 38.7978
170 38.124
171 38.4901
172 39.0189
173 38.6342
174 39.3015
175 42.2932
176 38.6932
177 38.8453
178 38.6054
179 38.4029
180 38.6609
181 38.5029
182 39.8204
183 40.208
184 38.4151
185 41.2791
186 40.2931
187 39.7082
188 40.6644
189 38.7971
190 38.3342
191 39.8857
192 38.8042
193 39.8832
194 38.2321
195 39.0782
196 40.8078
197 38.8475
198 38.1899
199 38.9386
