0 62.3391
1 62.3921
2 62.365
3 62.3841
4 62.3237
5 62.3158
6 62.3689
7 62.4137
8 62.4467
9 62.95
10 62.8907
11 62.7419
12 62.8526
13 62.9084
14 62.8728
15 62.4168
16 62.2864
17 62.3444
18 62.5281
19 62.8971
20 62.9856
21 63.6403
22 62.7783
23 62.4388
24 63.1624
25 67.7616
26 62.4576
27 62.4348
28 62.2964
29 62.4738
30 62.2901
31 62.4104
32 62.3911
33 62.3475
34 62.3548
35 62.3889
36 62.3811
37 62.2917
38 62.3647
39 567.583
40 117.658
41 108.446
42 98.9019
43 87.4464
44 68.4442
45 73.7737
46 76.0668
47 67.8388
48 68.2326
49 69.0033
50 69.7887
51 70.2791
52 63.7543
53 62.5887
54 62.5464
55 62.6684
56 62.844
57 62.6234
58 63.203
59 62.6879
60 62.5229
61 62.5752
62 62.6384
63 62.6827
64 62.6129
65 62.8154
66 62.6736
67 62.7854
68 62.7244
69 62.7252
70 62.5557
71 62.8412
72 62.6246
73 63.5936
74 62.5844
75 62.5318
76 62.9254
77 62.5159
78 62.2993
79 62.3274
80 62.0233
81 61.9878
82 61.9947
83 61.9949
84 61.8924
85 61.8552
86 61.8578
87 61.8534
88 61.8256
89 61.8879
90 61.8577
91 61.8759
92 61.8665
93 61.8727
94 61.9388
95 61.8568
96 61.8653
97 61.9309
98 61.8708
99 61.8502
100 61.8925
101 62.0158
102 61.9337
103 62.2547
104 61.8937
105 61.9039
106 62.4352
107 62.7211
108 62.8984
109 69.6969
110 62.7013
111 62.6143
112 64.8972
113 64.2466
114 63.5553
115 62.8889
116 62.5786
117 63.7852
118 63.1189
119 62.7807
120 62.7968
121 63.285
122 63.2848
123 62.6682
124 62.4059
125 62.4691
126 62.4976
127 63.4677
128 63.7382
129 62.467
130 62.3068
131 62.3609
132 62.3828
133 62.2727
134 62.4284
135 62.2259
136 62.4695
137 62.3057
138 62.2178
139 62.3788
140 62.3401
141 62.3889
142 62.3106
143 62.2198
144 62.3136
145 62.8178
146 62.8125
147 62.879
148 62.3951
149 62.3179
150 62.2886
151 62.2755
152 62.3534
153 62.3018
154 62.2835
155 62.298
156 62.3345
157 62.3659
158 62.3698
159 62.355
160 62.1928
161 62.4527
162 62.2039
163 62.2571
164 62.338
165 62.3001
166 62.2627
167 62.3086
168 62.2561
169 62.2143
170 62.309
171 62.2118
172 62.211
173 62.2521
174 62.2404
175 62.5075
176 62.3117
177 63.9357
178 62.4971
179 61.807
180 61.7562
181 61.808
182 61.78
183 61.7946
184 61.7998
185 61.7974
186 61.819
187 61.7665
188 61.7654
189 61.7565
190 61.7951
191 61.8224
192 61.7708
193 61.7983
194 61.7794
195 61.7594
196 61.8389
197 62.1716
198 61.7683
199 61.8144
