0 441.988
1 446.537
2 442.53
3 441.65
4 441.722
5 441.166
6 441.213
7 440.801
8 440.815
9 441.651
10 440.819
11 440.955
12 440.954
13 441.06
14 441.081
15 441.054
16 441.133
17 440.946
18 441.029
19 440.782
20 442.922
21 441.719
22 441.911
23 448.939
24 442.355
25 446.479
26 444.521
27 443.706
28 446.479
29 441.363
30 443.422
31 442.926
32 442.726
33 444.009
34 442.773
35 442.735
36 442.18
37 441.691
38 441.731
39 441.612
40 442.228
41 441.154
42 441.019
43 441.269
44 440.952
45 448.12
46 441.926
47 442.296
48 441.85
49 440.884
50 440.777
51 440.762
52 440.895
53 443.724
54 443.564
55 446.534
56 441.196
57 441.342
58 440.984
59 440.936
60 440.801
61 441.084
62 440.892
63 440.851
64 441.012
65 442.895
66 443.753
67 444.259
68 442.926
69 443.583
70 443.988
71 443.087
72 443.735
73 441.262
74 440.983
75 440.75
76 441.161
77 441.039
78 441.312
79 440.885
80 442.466
81 441.589
82 443.165
83 443.242
84 445.956
85 441.116
86 441.116
87 440.743
88 440.681
89 440.961
90 440.863
91 441.129
92 441.141
93 441.183
94 440.863
95 440.912
96 441.145
97 440.909
98 440.903
99 440.948
100 440.761
101 441.138
102 440.83
103 441.007
104 441.239
105 441.359
106 441.141
107 441.062
108 441.703
109 441.261
110 441.119
111 441.509
112 441.142
113 441.469
114 441.584
115 441.088
116 441.14
117 440.864
118 440.87
119 440.818
120 440.799
121 441.209
122 440.73
123 441.132
124 440.864
125 440.766
126 440.898
127 440.679
128 441.06
129 440.814
130 440.803
131 441.307
132 440.683
133 441.017
134 440.828
135 440.797
136 441.586
137 441.023
138 441.507
139 440.785
140 440.993
141 440.956
142 440.771
143 441.138
144 440.987
145 441.153
146 441.06
147 440.921
148 441.173
149 441.011
150 441.075
151 441.145
152 440.959
153 441.276
154 440.971
155 441.016
156 441.029
157 440.953
158 441.155
159 440.978
160 441.057
161 440.981
162 441.052
163 441.325
164 440.887
165 441.121
166 441.006
167 440.982
168 441.216
169 440.729
170 440.906
171 440.983
172 441.102
173 441.038
174 440.784
175 440.877
176 440.755
177 440.735
178 440.831
179 440.729
180 440.91
181 440.784
182 441.024
183 441.063
184 440.876
185 441.238
186 440.745
187 441.063
188 440.849
189 440.996
190 440.789
191 440.808
192 440.945
193 440.859
194 441.175
195 441.078
196 440.766
197 441.126
198 440.967
199 441.275
