0.00989224 9.89218
0.019835 9.94276
0.0297314 9.89631
0.0396305 9.89899
0.0495117 9.8809
0.0594642 9.9524
0.0693849 9.92059
0.0792734 9.88845
0.0891384 9.86465
0.0991094 9.97086
0.109134 10.0244
0.119963 10.8291
0.129884 9.92103
0.139786 9.90168
0.149695 9.90902
0.159616 9.92017
0.169613 9.99732
0.179751 10.1378
0.189905 10.1538
0.199994 10.0879
0.210952 10.9579
0.222407 11.4554
0.233269 10.8616
0.243169 9.89975
0.253207 10.0383
0.263271 10.0635
0.273981 10.7104
0.28432 10.3384
0.294392 10.0721
0.304386 9.99442
0.314432 10.0459
0.324545 10.1123
0.334511 9.96601
0.344507 9.99608
0.354439 9.93123
0.364408 9.96952
0.374385 9.97689
0.384466 10.0801
0.394478 10.012
0.404441 9.96288
0.414397 9.95554
0.42436 9.96303
0.434313 9.95217
0.444349 10.0361
0.454303 9.95398
0.46427 9.96649
0.474184 9.91427
0.484143 9.95797
0.494089 9.94624
0.504025 9.93597
0.513898 9.87283
0.523811 9.91249
0.533736 9.92487
0.54369 9.95374
0.553616 9.9261
0.563538 9.92155
0.573468 9.9297
0.583398 9.9299
0.593342 9.94433
0.603253 9.91059
0.613142 9.88837
0.623055 9.9131
0.632976 9.92102
0.642892 9.91503
0.652824 9.93207
0.662764 9.93975
0.672747 9.9826
0.682686 9.93917
0.692621 9.93448
0.702518 9.89733
0.712436 9.91745
0.722376 9.93977
0.732304 9.92758
0.742181 9.87729
0.752098 9.9164
0.762056 9.95815
0.772024 9.96784
0.781957 9.93258
0.791894 9.93716
0.801788 9.89398
0.811716 9.92799
0.82165 9.9335
0.831585 9.93538
0.841496 9.9102
0.851426 9.92988
0.861373 9.94689
0.871318 9.94515
0.881223 9.90494
0.891169 9.94576
0.901084 9.91415
0.910994 9.91028
0.920924 9.9304
0.930843 9.91837
0.940774 9.9305
0.950768 9.99379
0.960714 9.9456
0.970675 9.96107
0.980657 9.98134
0.990647 9.98963
1.00062 9.9683
1.01059 9.97766
1.02054 9.94752
1.03051 9.96934
1.04047 9.96339
1.05043 9.9573
1.06035 9.9189
1.07027 9.91832
1.08017 9.90019
1.09007 9.8976
1.09997 9.90054
1.10992 9.94752
1.11982 9.90893
1.12975 9.92471
1.13968 9.93041
1.14964 9.96129
1.15956 9.92036
1.1695 9.93462
1.17942 9.91989
1.18933 9.91589
1.19927 9.94067
1.2092 9.93006
1.2191 9.89867
1.22901 9.90918
1.23892 9.91159
1.24887 9.94804
1.25878 9.91086
1.26874 9.95392
1.27869 9.94789
1.28864 9.95202
1.29858 9.93895
1.30851 9.92959
1.31845 9.9384
1.32838 9.93117
1.33831 9.92956
1.34822 9.9162
1.35811 9.88934
1.368 9.88519
1.3779 9.90534
1.38782 9.91518
1.39777 9.94944
1.4077 9.92809
1.41762 9.9232
1.42754 9.91925
1.43748 9.93516
1.44741 9.93671
1.45737 9.96069
1.46731 9.94058
1.47723 9.91551
1.48713 9.90242
1.49706 9.93087
1.50695 9.89135
1.51688 9.93046
1.52683 9.94922
1.53675 9.91682
1.54667 9.91668
1.5566 9.92678
1.56648 9.88833
1.57641 9.92452
1.58633 9.92473
1.5963 9.96795
1.60622 9.9207
1.61614 9.92125
1.62606 9.91942
1.63597 9.90579
1.64588 9.90869
1.65585 9.96815
1.66576 9.91012
1.6757 9.94359
1.68565 9.94753
1.69556 9.90876
1.70548 9.92528
1.7154 9.91973
1.72533 9.92246
1.73524 9.91728
1.74515 9.91128
1.75505 9.89435
1.7653 10.2489
1.77524 9.94601
1.78515 9.91037
1.79507 9.915
1.805 9.93248
1.81491 9.90403
1.82482 9.9093
1.83474 9.92068
1.84466 9.91804
1.85459 9.93226
1.86451 9.91751
1.87446 9.95205
1.88439 9.9339
1.89432 9.92394
1.90421 9.8954
1.91422 10.0066
1.92416 9.93882
1.93407 9.91139
1.94399 9.92402
1.95393 9.94062
1.96384 9.90622
1.97378 9.94319
1.9837 9.91929
1.99361 9.91022
2.00352 9.90407
2.01345 9.92862
2.02344 9.99768
2.03337 9.92069
2.04328 9.91948
2.05321 9.92748
2.06314 9.92241
2.07304 9.90838
2.08294 9.89918
2.09286 9.91887
2.10282 9.95658
2.11278 9.95798
2.12271 9.93056
2.13264 9.93574
2.14258 9.93289
2.15252 9.94475
2.1625 9.97562
2.17249 9.9897
2.18245 9.96553
2.19241 9.96092
2.20235 9.93756
2.21229 9.9339
2.22219 9.89991
2.23211 9.9252
2.24205 9.93981
2.25197 9.91426
2.26187 9.90382
2.27178 9.90964
2.2817 9.91783
2.29161 9.91581
2.30155 9.93887
2.31149 9.93445
2.32145 9.96391
2.33137 9.91858
2.34128 9.90482
2.35123 9.95877
2.36119 9.9584
2.37114 9.94972
2.38105 9.91094
2.39099 9.93423
2.40092 9.93515
2.4109 9.97675
2.42081 9.91171
2.43077 9.95445
2.44069 9.92108
2.45065 9.96286
2.46063 9.97391
2.4706 9.97381
2.48054 9.93971
2.49053 9.98796
2.50045 9.91845
2.51036 9.91437
2.52027 9.91339
2.53018 9.90021
2.54008 9.90352
2.55008 9.99963
2.56 9.91986
2.56991 9.90867
2.57984 9.93616
2.58979 9.94226
2.5997 9.91579
2.60964 9.93978
2.61961 9.96338
2.62953 9.92341
2.63946 9.93014
2.64939 9.9353
2.6593 9.90402
2.66922 9.92514
2.67915 9.92928
2.68908 9.92822
2.69899 9.90972
2.70893 9.93849
2.71888 9.94462
2.72882 9.94436
2.73874 9.92393
2.7487 9.95575
2.75866 9.95613
2.76857 9.91747
2.7785 9.92816
2.78843 9.92669
2.79839 9.95575
2.80831 9.92398
2.81825 9.94008
2.82815 9.89589
2.83804 9.89418
2.84795 9.91353
2.85789 9.93062
2.86781 9.92857
2.87772 9.90242
2.88768 9.95837
2.89759 9.90965
2.90748 9.8933
2.91743 9.95169
2.92736 9.93311
2.9373 9.93316
2.94718 9.88625
2.95708 9.89446
2.967 9.92401
2.97692 9.91391
2.98685 9.93477
2.99678 9.93023
3.00676 9.97575
3.01669 9.93178
3.02659 9.90337
3.0365 9.90879
3.04642 9.91993
3.05637 9.95097
3.06628 9.91065
3.07619 9.90088
3.08611 9.92566
3.09603 9.91869
3.10593 9.90025
3.11588 9.94714
3.12585 9.97231
3.13577 9.918
3.1457 9.92935
3.15561 9.91443
3.16553 9.91708
3.17546 9.92472
3.18537 9.91816
3.1953 9.93025
3.20525 9.94291
3.21515 9.90133
3.22506 9.91516
3.23496 9.89273
3.24487 9.91667
3.25481 9.93925
3.26475 9.93693
3.27468 9.92442
3.2846 9.92119
3.29449 9.88964
3.30443 9.94172
3.31437 9.9443
3.32432 9.94892
3.33427 9.94723
3.34417 9.89563
3.35408 9.91464
3.36401 9.92485
3.37394 9.93431
3.3839 9.95706
3.39384 9.94076
3.40377 9.92736
3.41367 9.90537
3.4236 9.92646
3.43349 9.89699
3.44343 9.93853
3.45341 9.97189
3.46338 9.97367
3.47333 9.94611
3.48325 9.92395
3.49315 9.90144
3.50306 9.90841
3.51302 9.95486
3.52294 9.925
3.53288 9.94212
3.54282 9.93348
3.55275 9.93671
3.56268 9.92241
3.57259 9.91076
3.58255 9.96571
3.5925 9.94855
3.60243 9.92987
3.61236 9.92511
3.62229 9.93521
3.63222 9.93069
3.64215 9.93071
3.65208 9.92504
3.66198 9.90078
3.6719 9.91617
3.68183 9.93014
3.69178 9.95094
3.70172 9.94674
3.71165 9.92602
3.72158 9.92999
3.73151 9.9246
3.74145 9.94355
3.7514 9.95031
3.76133 9.92922
3.7713 9.97328
3.78125 9.94786
3.79122 9.96953
3.80116 9.93655
3.81109 9.93216
3.82104 9.95025
3.831 9.96363
3.84096 9.95645
3.8509 9.93557
3.86086 9.95837
3.87078 9.92096
3.88073 9.95291
3.89063 9.90386
3.90057 9.93216
3.9105 9.93495
3.92041 9.91323
3.93036 9.94328
3.94029 9.93175
3.95021 9.91538
3.9601 9.88985
3.97002 9.91997
3.97994 9.92832
3.98987 9.92294
3.99979 9.92202
4.00974 9.94878
4.01964 9.90338
4.0296 9.95712
4.03953 9.93297
4.04946 9.92277
4.05941 9.95859
4.06937 9.95613
4.07934 9.96424
4.0893 9.961
4.09927 9.97204
4.1092 9.93578
4.1191 9.89024
4.12902 9.92584
4.13895 9.92907
4.14886 9.90662
4.15881 9.94991
4.16874 9.93264
4.17868 9.9414
4.1886 9.92272
4.19854 9.93314
4.20848 9.94092
4.21842 9.93875
4.22834 9.91786
4.23826 9.92502
4.24818 9.91635
4.25814 9.96362
4.26808 9.93549
4.27803 9.94836
4.28796 9.93177
4.29791 9.95179
4.30786 9.95252
4.31782 9.95258
4.32776 9.94542
4.33943 11.6721
4.34938 9.94674
4.35932 9.93759
4.36922 9.90518
4.37912 9.89928
4.38902 9.89926
4.39895 9.92371
4.40891 9.96776
4.41883 9.91504
4.42874 9.91542
4.43866 9.91503
4.44856 9.90335
4.45854 9.97111
4.4685 9.96072
4.47847 9.97118
4.48836 9.89705
4.49827 9.90621
4.50822 9.94373
4.51814 9.9208
4.52806 9.92289
4.53794 9.88517
4.54783 9.88703
4.55775 9.91976
4.56767 9.91419
4.57758 9.91127
4.58747 9.8899
4.59737 9.90547
4.60727 9.89993
4.61719 9.91418
4.62713 9.94093
4.63703 9.90537
4.64695 9.91181
4.65686 9.91402
4.66682 9.95761
4.67673 9.90755
4.68663 9.90718
4.69654 9.90204
4.70644 9.90399
4.71638 9.93938
4.72628 9.90371
4.73615 9.87113
4.74605 9.89729
4.75594 9.88612
4.76589 9.95051
4.77583 9.93638
4.78574 9.91158
4.79562 9.88633
4.80551 9.89046
4.81543 9.91929
4.82536 9.92329
4.83525 9.88883
4.84514 9.89681
4.85502 9.87539
4.86491 9.89279
4.87483 9.92119
4.88473 9.89927
4.89465 9.91206
4.90455 9.90072
4.91445 9.90615
4.92441 9.9567
4.93431 9.89844
4.9442 9.89327
4.95412 9.91423
4.96402 9.90318
4.97395 9.93443
4.98389 9.93565
4.99382 9.92743
5.00373 9.91456
5.01365 9.91505
5.02355 9.90264
5.03346 9.91036
5.04337 9.90741
5.05331 9.93973
5.06324 9.928
5.07317 9.92893
5.08313 9.963
5.09304 9.91285
5.10295 9.90665
5.11289 9.94034
5.12281 9.91596
5.13271 9.90105
5.1426 9.88849
5.15249 9.89296
5.1624 9.90597
5.17227 9.87637
5.18222 9.95018
5.19214 9.92209
5.20207 9.9233
5.21197 9.90588
5.2219 9.92828
5.2318 9.89419
5.24172 9.92494
5.2516 9.88088
5.26152 9.91588
5.27144 9.91699
5.28136 9.92397
5.29128 9.92087
5.30123 9.95239
5.31116 9.92653
5.32107 9.90655
5.33097 9.90207
5.34092 9.94717
5.35082 9.90419
5.36074 9.91494
5.37067 9.93381
5.38057 9.89578
5.39049 9.92059
5.4004 9.90753
5.41032 9.92301
5.42023 9.90893
5.43019 9.96656
5.44011 9.91679
5.45004 9.92974
5.46 9.95434
5.46998 9.98502
5.47991 9.92512
5.48983 9.91961
5.49978 9.95403
5.50972 9.94321
5.51965 9.92522
5.52959 9.94332
5.53951 9.91621
5.54939 9.88408
5.55931 9.91964
5.56924 9.9244
5.57916 9.92463
5.58911 9.94846
5.59902 9.90762
5.60893 9.90775
5.61884 9.91235
5.62886 10.0167
5.63878 9.92774
5.6487 9.91909
5.6586 9.89922
5.66851 9.90552
5.67844 9.93068
5.6884 9.95508
5.69834 9.94475
5.70825 9.90668
5.71815 9.9011
5.72809 9.93812
5.73802 9.92873
5.74793 9.91041
5.75789 9.96539
5.76781 9.91604
5.77778 9.97024
5.78769 9.91228
5.79759 9.90246
5.80752 9.92603
5.81748 9.96223
5.82742 9.94077
5.83735 9.92942
5.84728 9.92715
5.8572 9.91669
5.86713 9.93773
5.87707 9.9338
5.88697 9.90023
5.8969 9.93418
5.90685 9.94546
5.9168 9.94731
5.92673 9.93243
5.93673 9.99666
5.94665 9.92189
5.95657 9.91826
5.96647 9.89489
5.97645 9.97744
5.98638 9.92871
5.9963 9.91825
6.00624 9.9438
6.01613 9.88355
6.02602 9.8949
6.03593 9.90371
6.04587 9.94436
6.05581 9.9366
6.06575 9.94002
6.07566 9.91614
6.08557 9.9099
6.09553 9.95952
6.10553 9.9961
6.11549 9.95654
6.12546 9.97634
6.13543 9.96756
6.14541 9.97843
6.15534 9.93326
6.16525 9.90461
6.17514 9.89127
6.18507 9.93369
6.19501 9.93364
6.2049 9.89697
6.21482 9.91202
6.22476 9.93918
6.23469 9.93292
6.24461 9.92598
6.25453 9.91188
6.26445 9.91942
6.27437 9.92155
6.28429 9.9181
6.29419 9.90485
6.30411 9.91475
6.31401 9.90181
6.32392 9.90982
6.33393 10.0126
6.34386 9.93078
6.35381 9.9522
6.36376 9.94797
6.37369 9.92276
6.38361 9.92036
6.39362 10.0143
6.40355 9.92928
6.41348 9.93432
6.42343 9.94615
6.43337 9.93863
6.4433 9.93045
6.45324 9.9406
6.46327 10.0249
6.47327 9.99928
6.48319 9.92824
6.4931 9.90679
6.50302 9.91547
6.51293 9.90942
6.52289 9.96875
6.5328 9.90799
6.54272 9.92023
6.55264 9.91821
6.5626 9.96188
6.57252 9.91516
6.58245 9.93383
6.59238 9.9287
6.60231 9.93144
6.61224 9.92426
6.62213 9.89408
6.63205 9.91697
6.64195 9.89868
6.65188 9.92693
6.66181 9.93104
6.67172 9.9149
6.68164 9.91788
6.69157 9.93266
6.70268 11.1082
6.7126 9.91815
6.72248 9.8775
6.73239 9.91173
6.74228 9.89175
6.75217 9.887
6.76209 9.92495
6.772 9.91191
6.78189 9.88249
6.7918 9.91071
6.80171 9.91074
6.81165 9.93966
6.82159 9.93611
6.8315 9.91563
6.84142 9.9173
6.85136 9.94131
6.86131 9.94639
6.8712 9.89533
6.88111 9.90509
6.89099 9.88133
6.90089 9.90135
6.91082 9.92954
6.92076 9.93954
6.93069 9.92525
6.94062 9.92928
6.95055 9.93449
6.9605 9.94782
6.97046 9.96579
6.98043 9.96277
6.99035 9.91972
7.00026 9.91594
7.01021 9.94611
7.02012 9.9066
7.03003 9.90975
7.03991 9.88812
7.04982 9.90796
7.05975 9.9302
7.06967 9.91606
7.07959 9.92293
7.08949 9.89335
7.09941 9.92872
7.10933 9.91096
7.11924 9.91045
7.12914 9.89935
7.13903 9.89335
7.14895 9.91758
7.15891 9.96618
7.16888 9.97113
7.1788 9.9132
7.1887 9.90403
7.19862 9.9201
7.20855 9.92326
7.21848 9.93407
7.22843 9.94815
7.23835 9.92588
7.24824 9.88529
7.25814 9.90099
7.26807 9.93261
7.27799 9.91164
7.28795 9.9657
7.29788 9.92595
7.3078 9.92271
7.31773 9.92784
7.32769 9.96411
7.33761 9.91588
7.34753 9.92187
7.35752 9.98805
7.36743 9.90927
7.37737 9.93774
7.38734 9.97506
7.39726 9.91885
7.40717 9.91049
7.41712 9.95121
7.42705 9.92212
7.43695 9.90406
7.44687 9.91491
7.45907 12.2046
7.46903 9.96444
7.47902 9.98244
7.48897 9.94998
7.49889 9.92045
7.5088 9.91208
7.51873 9.93359
7.52862 9.88968
7.53853 9.90588
7.54847 9.944
7.5584 9.92575
7.5683 9.89904
7.57822 9.91852
7.58813 9.91345
7.59804 9.90382
7.60798 9.94188
7.61793 9.94832
7.62786 9.9374
7.63778 9.91651
7.6477 9.92034
7.65762 9.91458
7.66753 9.91019
7.67749 9.96509
7.68744 9.95105
7.69736 9.91453
7.70729 9.93679
7.71721 9.91296
7.7271 9.89514
7.73705 9.9481
7.74696 9.90595
7.75686 9.90711
7.76677 9.909
7.77669 9.92088
7.78661 9.91594
7.79652 9.91266
7.80647 9.95077
7.81639 9.91494
7.8263 9.91352
7.83623 9.92386
7.84617 9.93849
7.85609 9.92113
7.866 9.90988
7.87591 9.91163
7.88585 9.94193
7.89578 9.93052
7.90572 9.93786
7.91565 9.92903
7.92556 9.90943
7.93548 9.92126
7.94541 9.92777
7.95534 9.93579
7.96526 9.91379
7.97515 9.89412
7.98509 9.93881
7.99502 9.93268
8.00495 9.92202
8.0149 9.95503
8.02481 9.90415
8.03474 9.92931
8.04464 9.90825
8.0546 9.95445
8.06451 9.90998
8.07445 9.9361
8.08439 9.94411
8.09432 9.93298
8.10425 9.92635
8.11415 9.89921
8.12407 9.91887
8.134 9.9361
8.14392 9.91572
8.15382 9.90397
8.16376 9.94055
8.1737 9.9356
8.1836 9.89777
8.19351 9.91416
8.20343 9.92163
8.21337 9.93763
8.22332 9.94453
8.23321 9.88763
8.24311 9.90713
8.25302 9.91182
8.26297 9.94253
8.27289 9.92581
8.2828 9.90752
8.29271 9.91245
8.30263 9.91334
8.31256 9.93043
8.32249 9.93158
8.33242 9.92715
8.34234 9.92211
8.35223 9.89439
8.36215 9.91886
8.37211 9.95861
8.38363 11.5203
8.39351 9.87942
8.4034 9.88754
8.41328 9.87698
8.42317 9.89792
8.43307 9.89255
8.44296 9.89006
8.45288 9.91898
8.46281 9.93143
8.47273 9.92378
8.48263 9.89838
8.49253 9.89912
8.50247 9.94282
8.5124 9.92323
8.52229 9.88827
8.53219 9.90129
8.5421 9.91132
8.55201 9.9151
8.5619 9.88871
8.57181 9.90337
8.58172 9.91164
8.5916 9.8833
8.60151 9.90717
8.61142 9.90745
8.6213 9.88374
8.63121 9.90803
8.64111 9.90069
8.65099 9.88547
8.66091 9.91572
8.6708 9.89258
8.6807 9.89998
8.69058 9.88074
8.70052 9.93966
8.71045 9.92819
8.72034 9.89047
8.73026 9.91707
8.74018 9.91758
8.75007 9.89194
8.75999 9.91706
8.76992 9.93345
8.77982 9.90085
8.78973 9.91152
8.79964 9.90997
8.80954 9.89302
8.81944 9.90513
8.82933 9.89115
8.83925 9.91205
8.84915 9.90799
8.85907 9.92032
8.869 9.92445
8.8789 9.90042
8.88883 9.93408
8.89875 9.91094
8.90865 9.90588
8.91857 9.91405
8.92848 9.9158
8.93839 9.91156
8.94828 9.88531
8.95823 9.94581
8.96815 9.9276
8.97805 9.89488
8.98796 9.91555
8.9979 9.93607
9.00781 9.9109
9.01775 9.93821
9.02768 9.93183
9.0376 9.92111
9.04754 9.93729
9.05747 9.92539
9.06737 9.90621
9.07732 9.95186
9.08724 9.91642
9.09714 9.89491
9.10705 9.91505
9.11697 9.91643
9.12687 9.8979
9.13678 9.91725
9.14676 9.97916
9.15666 9.89519
9.16657 9.90652
9.17652 9.95104
9.18646 9.93932
9.19639 9.93799
9.20631 9.92012
9.21623 9.91197
9.22616 9.93126
9.23609 9.93074
9.24603 9.93766
9.25594 9.90926
9.26589 9.9491
9.27584 9.9554
9.28576 9.9171
9.2957 9.93713
9.30562 9.92214
9.31556 9.94147
9.3255 9.93787
9.33548 9.97659
9.34541 9.9297
9.35534 9.93013
9.36525 9.9128
9.37516 9.90858
9.38509 9.93309
9.39497 9.87911
9.40491 9.94108
9.41483 9.91749
9.42476 9.92694
9.43469 9.93659
9.44461 9.91902
9.45455 9.93454
9.46461 10.0646
9.47455 9.93414
9.48451 9.96616
9.49445 9.9395
9.50436 9.91098
9.51429 9.92607
9.52424 9.94747
9.53418 9.94397
9.54408 9.9036
9.554 9.91238
9.5639 9.90278
9.57384 9.94069
9.58376 9.9194
9.59371 9.95442
9.60365 9.93461
9.61358 9.92555
9.62347 9.8939
9.63338 9.91225
9.64334 9.95613
9.65326 9.92341
9.66322 9.95909
9.67313 9.90733
9.68306 9.92738
9.69299 9.92861
9.7029 9.91841
9.71282 9.91729
9.72276 9.93394
9.73268 9.92515
9.74263 9.95327
9.75254 9.9056
9.76249 9.95015
9.77243 9.93966
9.7824 9.96595
9.79236 9.96212
9.80229 9.92947
9.8122 9.91523
9.82209 9.88332
9.832 9.9147
9.84274 10.7361
9.85405 11.3144
9.86523 11.1807
9.87537 10.1355
9.88531 9.94091
9.89525 9.93776
9.90513 9.88041
9.91505 9.92572
9.92496 9.90567
9.93489 9.93219
9.94481 9.9202
9.95472 9.90851
9.96465 9.92528
9.97463 9.97943
9.98455 9.92331
9.9945 9.94469
10.0044 9.92341
10.0143 9.92962
10.0243 9.92082
10.0342 9.89644
10.0441 9.95087
10.054 9.90758
10.0639 9.89761
10.0738 9.91221
10.0838 9.93952
10.0937 9.92909
10.1036 9.9236
10.1135 9.91174
10.1235 9.9372
10.1334 9.91587
10.1433 9.94598
10.1533 9.94355
10.1632 9.95029
10.1732 9.95813
10.1831 9.9345
10.1931 9.94404
10.203 9.9378
10.2129 9.91065
10.2228 9.90889
10.2328 9.96636
10.2427 9.93888
10.2527 9.92333
10.2626 9.93779
10.2725 9.92922
10.2825 9.93501
10.2924 9.93169
10.3023 9.92615
10.3122 9.9278
10.3222 9.90387
10.3321 9.95612
10.342 9.90298
10.3519 9.92467
10.3619 9.96578
10.3718 9.91934
10.3817 9.92328
10.3917 9.92045
10.4016 9.91823
10.4115 9.92096
10.4214 9.93317
10.4314 9.96813
10.4413 9.92637
10.4513 9.93629
10.4612 9.94105
10.4712 9.95907
10.4811 9.92097
10.491 9.93171
10.5009 9.88159
10.5112 10.3294
10.5216 10.344
10.5315 9.90287
10.5414 9.91933
10.5514 9.96052
10.5613 9.96957
10.5713 9.92781
10.5812 9.9031
10.5911 9.92442
10.601 9.90227
10.6109 9.88773
10.6208 9.93053
10.6307 9.91187
10.6406 9.92683
10.6506 9.91826
10.6605 9.91131
10.6704 9.93964
10.6803 9.92546
10.6903 9.93205
10.7002 9.88778
10.7101 9.90378
10.72 9.9037
10.7299 9.89509
10.7398 9.90993
10.7497 9.95934
10.7596 9.90118
10.7696 9.92051
10.7795 9.90579
10.7894 9.94729
10.7993 9.90205
10.8093 9.95233
10.8192 9.90155
10.8291 9.90614
10.839 9.90962
10.8489 9.91466
10.8588 9.9117
10.8687 9.92531
10.8787 9.95827
10.8886 9.90542
10.8985 9.93364
10.9085 9.94447
10.9184 9.95223
10.9284 9.93525
10.9383 9.93145
10.9482 9.88954
10.9581 9.90533
10.968 9.91524
10.9779 9.91735
10.9878 9.90839
10.9978 9.95421
11.0077 9.91923
11.0176 9.91586
11.0275 9.91531
11.0375 9.91747
11.0474 9.91836
11.0573 9.91386
11.0672 9.93165
11.0771 9.91883
11.0871 9.9149
11.097 9.93051
11.1069 9.92042
11.1168 9.92789
11.1268 9.93983
11.1367 9.91713
11.1466 9.94522
11.1566 9.92917
11.1665 9.91615
11.1764 9.92369
11.1863 9.9405
11.1963 9.92633
11.2062 9.91116
11.2161 9.90466
11.226 9.92136
11.2359 9.91182
11.2458 9.91684
11.2558 9.95233
11.2657 9.92795
11.2757 9.93213
11.2856 9.92787
11.2955 9.92258
11.3054 9.91973
11.3154 9.92918
11.3252 9.89098
11.3351 9.88889
11.345 9.91176
11.3549 9.89884
11.3649 9.90503
11.3748 9.93144
11.3847 9.94908
11.3946 9.90311
11.4045 9.90325
11.4145 9.94161
11.4244 9.95607
11.4344 9.93324
11.4443 9.91004
11.4542 9.94059
11.4645 10.2502
11.4744 9.95703
11.4843 9.88967
11.4942 9.91483
11.5042 9.92457
11.5141 9.93908
11.524 9.91186
11.5339 9.90704
11.5438 9.90326
11.5537 9.92425
11.5637 9.9405
11.5736 9.95846
11.5836 9.92072
11.5935 9.94166
11.6034 9.92755
11.6134 9.93231
11.6233 9.93181
11.6332 9.92572
11.6432 9.92687
11.6531 9.9198
11.663 9.89326
11.6729 9.92861
11.6828 9.90776
11.6927 9.94283
11.7027 9.93035
11.7126 9.92188
11.7225 9.89466
11.7324 9.94485
11.7424 9.94687
11.7523 9.93083
11.7622 9.92886
11.7722 9.92173
11.7821 9.91672
11.792 9.89389
11.8019 9.90614
11.8118 9.92587
11.8218 9.95705
11.8317 9.96226
11.8417 9.92705
11.8516 9.91862
11.8615 9.91325
11.8714 9.94456
11.8814 9.94048
11.8913 9.92583
11.9013 9.97445
11.9112 9.90131
11.9211 9.89051
11.931 9.91605
11.9409 9.91876
11.9508 9.92657
11.9608 9.94185
11.9707 9.94451
11.9807 9.93859
11.9906 9.90916
12.0005 9.92396
12.0104 9.94613
12.0204 9.935
12.0303 9.95607
12.0403 9.92598
12.0502 9.91011
12.0601 9.93424
12.07 9.91554
12.0799 9.91534
12.0899 9.92797
12.0998 9.9398
12.1097 9.92481
12.1197 9.93885
12.1296 9.93594
12.1395 9.95037
12.1495 9.92065
12.1594 9.93943
12.1693 9.93265
12.1793 9.93456
12.1892 9.88661
12.1991 9.95508
12.209 9.91083
12.219 9.92303
12.2289 9.91836
12.2388 9.95621
12.2487 9.90634
12.2587 9.92609
12.2686 9.92203
12.2785 9.95731
12.2885 9.9233
12.2984 9.92403
12.3083 9.93394
12.3183 9.94417
12.3282 9.92245
12.3381 9.91237
12.3481 9.96306
12.358 9.95317
12.3679 9.9175
12.3778 9.91586
12.3878 9.94039
12.3977 9.95054
12.4077 9.96529
12.4176 9.91422
12.4275 9.92203
12.4375 9.92762
12.4474 9.94799
12.4575 10.0752
12.4674 9.92522
12.4774 9.95351
12.4873 9.89587
12.4971 9.85951
12.507 9.90722
12.5169 9.90079
12.5268 9.90951
12.5367 9.8918
12.5466 9.8987
12.5565 9.87818
12.5664 9.91819
12.5763 9.90373
12.5862 9.88634
12.5961 9.87662
12.606 9.87567
12.6159 9.89796
12.6258 9.89526
12.6357 9.91233
12.6456 9.89528
12.6554 9.86637
12.6654 9.9256
12.6753 9.90339
12.6851 9.84825
12.695 9.8715
12.7049 9.91945
12.7148 9.88774
12.7247 9.90996
12.7346 9.88922
12.7445 9.8789
12.7544 9.92439
12.7643 9.93106
12.7743 9.91457
12.7841 9.89094
12.7941 9.93386
12.804 9.90978
12.8139 9.92252
12.8238 9.91423
12.8337 9.90364
12.8436 9.89133
12.8535 9.922
12.8635 9.93982
12.8734 9.90957
12.8833 9.93241
12.8932 9.91477
12.9031 9.91123
12.9131 9.92378
12.9231 9.97919
12.933 9.92038
12.9429 9.90997
12.9528 9.94182
12.9628 9.9355
12.9727 9.92219
12.9827 9.99036
12.9926 9.943
13.0026 9.93704
13.0125 9.95421
13.0225 9.95364
13.0324 9.97286
13.0424 9.94484
13.0523 9.96444
13.0623 9.94866
13.0722 9.90849
13.0821 9.90738
13.092 9.92708
13.1019 9.88765
13.1118 9.92077
13.1218 9.92067
13.1317 9.92968
13.1416 9.94673
13.1516 9.91454
13.1615 9.92012
13.1714 9.94357
13.1814 9.96681
13.1913 9.90952
13.2012 9.93996
13.2111 9.89929
13.221 9.89547
13.231 9.91992
13.2409 9.94593
13.2508 9.91567
13.2608 9.94246
13.2707 9.93088
13.2806 9.94647
13.2906 9.9385
13.3005 9.92299
13.3105 9.97637
13.3204 9.96103
13.3304 9.91752
13.3403 9.95459
13.3502 9.92199
13.3601 9.90305
13.3701 9.96748
13.38 9.92143
13.39 9.9357
13.3999 9.92889
13.4098 9.91818
13.4197 9.89717
13.4297 9.94783
13.4396 9.92699
13.4495 9.904
13.4594 9.9594
13.4694 9.92109
13.4793 9.93421
13.4892 9.92812
13.4991 9.8923
13.5091 9.96182
13.519 9.92121
13.5289 9.91524
13.5388 9.90117
13.5488 9.93018
13.5587 9.89925
13.5686 9.91555
13.5785 9.93123
13.5884 9.91979
13.5984 9.94795
13.6083 9.92915
13.6182 9.92551
13.6282 9.9449
13.6381 9.91597
13.648 9.95148
13.658 9.93803
13.6679 9.94361
13.6778 9.90598
13.6877 9.90234
13.6976 9.92034
13.7076 9.92285
13.7175 9.93432
13.7274 9.92834
13.7374 9.94068
13.7473 9.90604
13.7572 9.93323
13.7671 9.90875
13.7771 9.92978
13.787 9.921
13.7969 9.91161
13.8068 9.91124
13.8168 9.97293
13.8267 9.9269
13.8366 9.91271
13.8465 9.91887
13.8565 9.95122
13.8664 9.9605
13.8764 9.94019
13.8863 9.96496
13.8963 9.94866
13.9062 9.93804
13.9161 9.89645
13.9261 9.93024
13.936 9.91462
13.9459 9.92791
13.9558 9.94278
13.9658 9.92713
13.9757 9.95264
13.9856 9.90364
13.9956 9.9209
14.0055 9.92996
14.0155 9.98939
14.0254 9.94647
14.0353 9.93128
14.0453 9.93506
14.0552 9.93028
14.0651 9.91921
14.0751 9.94639
14.085 9.90997
14.0949 9.93559
14.1049 9.92925
14.1148 9.93279
14.1247 9.92368
14.1346 9.90937
14.1445 9.92522
14.1545 9.93788
14.1644 9.93381
14.1744 9.94345
14.1843 9.90146
14.1942 9.94271
14.2041 9.90927
14.214 9.92536
14.224 9.91717
14.2339 9.93206
14.2438 9.9263
14.2537 9.92531
14.2637 9.93913
14.2736 9.94568
14.2835 9.89548
14.2935 9.93533
14.3034 9.94164
14.3134 9.94908
14.3233 9.94537
14.3333 9.97761
14.3432 9.91288
14.3531 9.93239
14.3631 9.93646
14.373 9.90572
14.3829 9.9652
14.3929 9.95653
14.4028 9.90778
14.4127 9.93144
14.4227 9.93748
14.4326 9.93659
14.4425 9.91826
14.4525 9.95586
14.4625 10.0041
14.4724 9.92057
14.4824 9.96371
14.4923 9.92539
14.5022 9.91596
14.5121 9.90271
14.5221 9.99031
14.532 9.93807
14.542 9.91512
14.5519 9.93212
14.5618 9.91098
14.5717 9.92132
14.5817 9.9386
14.5916 9.89863
14.6015 9.95215
14.6114 9.90931
14.6214 9.93683
14.6313 9.92603
14.6412 9.91538
14.6511 9.91452
14.661 9.9114
14.671 9.93141
14.6809 9.92962
14.6908 9.92378
14.7007 9.92128
14.7107 9.92368
14.7206 9.9406
14.7305 9.92623
14.7404 9.93044
14.7504 9.9543
14.7603 9.89374
14.7702 9.91293
14.7801 9.90851
14.79 9.90039
14.7999 9.93009
14.8099 9.90869
14.8198 9.92948
14.8297 9.9357
14.8397 10.0238
14.8497 9.93742
14.8596 9.92457
14.8696 9.9675
14.8795 9.92558
14.8894 9.93875
14.8993 9.90083
14.9093 9.94784
14.9192 9.91993
14.9292 9.94046
14.9391 9.92619
14.949 9.95792
14.959 9.92256
14.9689 9.96586
14.9789 9.92828
14.9888 9.93759
14.9987 9.9405
15.0086 9.91099
15.0186 9.91538
15.0285 9.95255
15.0385 9.94996
15.0484 9.94432
15.0583 9.92978
15.0682 9.91013
15.0782 9.92351
15.0881 9.90825
15.098 9.91104
15.1079 9.90273
15.1178 9.91222
15.1277 9.92445
15.1377 9.92444
15.1476 9.93924
15.1575 9.90047
15.1674 9.94981
15.1774 9.94822
15.1873 9.93211
15.1972 9.90727
15.2071 9.90653
15.217 9.90177
15.227 9.91043
15.2369 9.92356
15.2468 9.89595
15.2567 9.9314
15.2666 9.9185
15.2766 9.93524
15.2865 9.9581
15.2965 9.93725
15.3064 9.94019
15.3163 9.94099
15.3263 9.94286
15.3362 9.91615
15.3461 9.89856
15.3561 9.98616
15.366 9.91115
15.3759 9.92862
15.3858 9.91931
15.3958 9.92574
15.4057 9.94957
15.4157 9.9494
15.4256 9.91417
15.4355 9.93677
15.4455 9.94249
15.4554 9.95838
15.4654 10.004
15.4754 9.95951
15.4854 9.97085
15.4953 9.91115
15.5052 9.91292
15.5151 9.92282
15.525 9.9258
15.5349 9.91404
15.5449 9.91902
15.5548 9.92327
15.5647 9.93411
15.5746 9.93262
15.5846 9.92523
15.5945 9.91793
15.6044 9.95015
15.6144 9.98978
15.6244 9.95129
15.6343 9.93384
15.6442 9.9258
15.6542 9.90721
15.6641 9.91918
15.6741 9.99393
15.684 9.91252
15.6939 9.9397
15.7038 9.90361
15.7138 9.92962
15.7237 9.92691
15.7336 9.94206
15.7435 9.89618
15.7535 9.93682
15.7634 9.92749
15.7733 9.95917
15.7833 9.91537
15.7932 9.89995
15.8031 9.95003
15.813 9.92962
15.823 9.93483
15.8329 9.93191
15.8428 9.92976
15.8528 9.9378
15.8628 10.0193
15.8727 9.92367
15.8827 9.95104
15.8926 9.92404
15.9025 9.92405
15.9125 9.9533
15.9224 9.91837
15.9324 9.99286
15.9423 9.92311
15.9522 9.93035
15.9622 9.93566
15.9721 9.94172
15.9821 9.9528
15.992 9.95771
16.002 9.94126
16.0119 9.91646
16.0218 9.92172
16.0317 9.93158
16.0417 9.91649
16.0516 9.92873
16.0615 9.95015
16.0715 9.9463
16.0814 9.93385
16.0913 9.92279
16.1013 9.95677
16.1112 9.91925
16.1211 9.92912
16.1311 9.91396
16.141 9.91229
16.1509 9.91829
16.1608 9.93873
16.1708 9.94092
16.1807 9.92969
16.1906 9.9053
16.2005 9.90948
16.2105 9.94283
16.2204 9.94205
16.2303 9.89949
16.2402 9.95212
16.2502 9.92727
16.2601 9.91438
16.27 9.90826
16.2799 9.94345
16.2899 9.9437
16.2998 9.93051
16.3098 9.97883
16.3197 9.91761
16.3296 9.90642
16.3395 9.92421
16.3495 9.9335
16.3594 9.92098
16.3693 9.93699
16.3793 9.97331
16.3892 9.9036
16.3991 9.88922
16.409 9.92475
16.4189 9.90212
16.4289 9.94559
16.4388 9.93539
16.4487 9.92517
16.4587 9.94693
16.4686 9.93641
16.4786 9.93802
16.4885 9.93062
16.4984 9.94675
16.5084 9.92978
16.5183 9.92327
16.5282 9.93018
16.5381 9.90207
16.548 9.90002
16.5579 9.91229
16.5678 9.91216
16.5778 9.93275
16.5877 9.92886
16.5977 9.94785
16.6076 9.92111
16.6174 9.86746
16.6274 9.93595
16.6373 9.92572
16.6472 9.92232
16.6572 9.92952
16.6671 9.92675
16.677 9.93211
16.6869 9.91207
16.6969 9.93224
16.7068 9.96812
16.7168 9.94498
16.7267 9.92394
16.7366 9.92273
16.7465 9.90615
16.7565 9.93896
16.7664 9.93923
16.7763 9.91378
16.7862 9.92383
16.7961 9.90012
16.8061 9.94264
16.816 9.89599
16.8259 9.95485
16.8359 9.91907
16.8458 9.92689
16.8557 9.92573
16.8656 9.92959
16.8756 9.93331
16.8855 9.90788
16.8955 9.96578
16.9054 9.94031
16.9154 9.96937
16.9253 9.89885
16.9352 9.89444
16.9451 9.92268
16.955 9.93087
16.9649 9.90807
16.9748 9.92186
16.9848 9.91771
16.9947 9.92886
17.0046 9.93076
17.0145 9.90866
17.0245 9.92625
17.0344 9.94616
17.0443 9.94895
17.0543 9.90386
17.0642 9.95796
17.0741 9.91567
17.084 9.91177
17.094 9.93479
17.1039 9.89277
17.1138 9.92642
17.1237 9.92146
17.1336 9.92726
17.1436 9.95029
17.1535 9.89334
17.1634 9.93083
17.1734 9.94785
17.1833 9.93123
17.1932 9.91061
17.2031 9.90204
17.213 9.9197
17.2229 9.90735
17.2328 9.89757
17.2428 9.932
17.2527 9.92096
17.2626 9.92344
17.2726 9.96575
17.2825 9.93014
17.2925 9.9488
17.3024 9.95181
17.3123 9.92733
17.3223 9.92052
17.3322 9.9115
17.3421 9.9599
17.352 9.91173
17.362 9.94726
17.3719 9.9179
17.3818 9.92091
17.3917 9.92032
17.4017 9.96132
17.4116 9.91155
17.4215 9.92781
17.4315 9.96093
17.4415 9.95137
17.4514 9.95822
17.4614 9.96427
17.4713 9.95284
17.4813 9.93339
17.4912 9.92361
17.5011 9.92469
17.511 9.92248
17.5209 9.90813
17.5309 9.93468
17.5408 9.92291
17.5507 9.9251
17.5606 9.91038
17.5706 9.91584
17.5805 9.94101
17.5905 9.97096
17.6004 9.93547
17.6103 9.94125
17.6203 9.92729
17.6302 9.9143
17.6401 9.92536
17.65 9.90064
17.6599 9.93267
17.6699 9.94131
17.6798 9.91004
17.6897 9.94691
17.6996 9.90128
17.7096 9.92763
17.7195 9.94494
17.7295 9.9524
17.7394 9.94992
17.7494 9.94669
17.7593 9.92976
17.7692 9.92378
17.7792 9.94338
17.7891 9.93126
17.799 9.92831
17.8089 9.91576
17.8189 9.91162
17.8288 9.92409
17.8387 9.92203
17.8486 9.91159
17.8585 9.92913
17.8685 9.92484
17.8784 9.91624
17.8883 9.92359
17.8982 9.8925
17.9081 9.90937
17.9181 9.96081
17.928 9.94765
17.938 9.94064
17.9479 9.94404
17.9578 9.92624
17.9678 9.93259
17.9777 9.97451
17.9877 9.9207
17.9976 9.90422
18.0075 9.95357
18.0175 9.95483
18.0274 9.92481
18.0373 9.94647
18.0473 9.95227
18.0572 9.94172
18.0672 9.91131
18.0771 9.92722
18.087 9.92582
18.0969 9.92558
18.1068 9.91276
18.1168 9.94731
18.1267 9.92085
18.1367 9.94374
18.1466 9.94221
18.1565 9.91924
18.1664 9.91701
18.1764 9.94013
18.1863 9.91814
18.1962 9.91636
18.2061 9.92599
18.2161 9.92108
18.226 9.90069
18.2359 9.92605
18.2458 9.91282
18.2557 9.91682
18.2657 9.94382
18.2756 9.90089
18.2855 9.9201
18.2954 9.92163
18.3053 9.93077
18.3153 9.93034
18.3252 9.89771
18.3351 9.91024
18.345 9.90085
18.3549 9.92777
18.3649 9.9554
18.3748 9.9288
18.3847 9.90301
18.3946 9.93467
18.4045 9.92472
18.4145 9.95121
18.4245 9.96946
18.4344 9.93308
18.4443 9.9266
18.4543 9.95249
18.4642 9.93353
18.4741 9.92369
18.4841 9.9413
18.494 9.95052
18.504 9.93522
18.5139 9.93204
18.5238 9.93134
18.5338 9.92891
18.5437 9.92998
18.5537 9.973
18.5636 9.92924
18.5735 9.92808
18.5835 9.93462
18.5934 9.95045
18.6034 9.94633
18.6133 9.93177
18.6232 9.91377
18.6331 9.9161
18.643 9.92407
18.653 9.91995
18.6629 9.92312
18.6728 9.91968
18.6827 9.9415
18.6927 9.94275
18.7026 9.93462
18.7125 9.92535
18.7225 9.95032
18.7324 9.92857
18.7424 9.92495
18.7523 9.92422
18.7622 9.9455
18.7721 9.9197
18.7821 9.92966
18.792 9.93185
18.802 9.95136
18.8119 9.92778
18.8218 9.93694
18.8318 9.94344
18.8417 9.93563
18.8516 9.94515
18.8616 9.95065
18.8715 9.94105
18.8815 9.92341
18.8914 9.92226
18.9013 9.93533
18.9112 9.92023
18.9212 9.91736
18.9311 9.92365
18.941 9.92538
18.9509 9.92864
18.9608 9.91308
18.9708 9.93089
18.9807 9.92857
18.9907 9.94675
19.0006 9.94822
19.0105 9.92792
19.0205 9.93087
19.0304 9.95047
19.0403 9.91579
19.0502 9.92142
19.0602 9.95987
19.0701 9.92219
19.0801 9.93627
19.09 9.91727
19.0999 9.9298
19.1098 9.90751
19.1198 9.9418
19.1297 9.95481
19.1396 9.92822
19.1496 9.90772
19.1595 9.94958
19.1695 9.96511
19.1794 9.94447
19.1893 9.93249
19.1993 9.96302
19.2092 9.91296
19.2191 9.92302
19.2291 9.9161
19.239 9.91559
19.2489 9.94501
19.2589 9.95041
19.2688 9.93423
19.2787 9.93616
19.2887 9.92086
19.2986 9.91665
19.3085 9.90537
19.3185 9.96262
19.3284 9.96861
19.3384 9.94119
19.3483 9.95761
19.3583 9.93695
19.3682 9.91532
19.3781 9.91526
19.388 9.94176
19.3979 9.9188
19.4079 9.93627
19.4178 9.92141
19.4277 9.92955
19.4377 9.92683
19.4476 9.942
19.4575 9.93131
19.4675 9.94665
19.4774 9.94974
19.4873 9.87311
19.4973 9.95676
19.5072 9.93421
19.5171 9.92133
19.527 9.90764
19.537 9.93719
19.5469 9.91237
19.5568 9.94449
19.5667 9.92527
19.5767 9.93191
19.5866 9.93102
19.5965 9.92247
19.6065 9.93366
19.6164 9.93049
19.6263 9.95025
19.6363 9.93337
19.6462 9.94529
19.6562 9.9298
19.6661 9.93135
19.676 9.90938
19.6859 9.92978
19.6959 9.94156
19.7058 9.92125
19.7157 9.92741
19.7256 9.90893
19.7356 9.92732
19.7455 9.95319
19.7555 9.94884
19.7654 9.93307
19.7754 9.97284
19.7853 9.90411
19.7952 9.93136
19.8051 9.89941
19.815 9.93756
19.825 9.91585
19.8349 9.93454
19.8448 9.91862
19.8547 9.93731
19.8647 9.92389
19.8746 9.92421
